import matplotlib.pyplot as plt
import seaborn as sns
import numpy as np

# Define the new correlation matrix
correlation_matrix = np.array([
    [1, -0.01677092, -0.43206121, -0.57503972, -0.16663845, -0.22497094, 0.10231992, -0.11406057, -0.11176315],
    [-0.01677092, 1, 0.74239133, -0.14629191, -0.71803824, 0.32195712, -0.83267212, 0.80282912, -0.606539],
    [-0.43206121, 0.74239133, 1, -0.17637736, -0.45042509, 0.64735358, -0.81294999, 0.77662276, -0.69763782],
    [-0.57503972, -0.14629191, -0.17637736, 1, 0.05270655, -0.15277237, 0.30810863, -0.31146584, 0.52892302],
    [-0.16663845, -0.71803824, -0.45042509, 0.05270655, 1, -0.61105404, 0.41427941, -0.43069329, 0.32840193],
    [-0.22497094, 0.32195712, 0.64735358, -0.15277237, -0.61105404, 1, -0.34350415, 0.30718397, -0.39729932],
    [0.10231992, -0.83267212, -0.81294999, 0.30810863, 0.41427941, -0.34350415, 1, -0.83370047, 0.75583301],
    [-0.11406057, 0.80282912, 0.77662276, -0.31146584, -0.43069329, 0.30718397, -0.83370047, 1, -0.72899534],
    [-0.11176315, -0.606539, -0.69763782, 0.52892302, 0.32840193, -0.39729932, 0.75583301, -0.72899534, 1]
])

# Create a heatmap of the correlation matrix
plt.figure(figsize=(8, 6))
sns.heatmap(correlation_matrix, annot=True, fmt='.2f', cmap='coolwarm', vmin=-1, vmax=1, square=True, cbar=True)

# Title and labels
plt.title('Correlation Matrix', fontsize=16)
plt.xlabel('Variables', fontsize=12)
plt.ylabel('Variables', fontsize=12)

# Show plot
plt.show()
