[
	[
		0,
		0,
		-0.1
	],
	[
		0,
		1,
		0.1
	],
	[
		0,
		2,
		-0.1
	],
	[
		0,
		3,
		0.1
	],
	[
		0,
		4,
		-0.1
	],
	[
		0,
		5,
		0.1
	],
	[
		0,
		6,
		-0.1
	],
	[
		0,
		7,
		0.1
	],
	[
		0,
		8,
		-0.1
	],
	[
		0,
		9,
		0.1
	],
	[
		1,
		0,
		0.1
	],
	[
		1,
		1,
		-9.595959595959595e-2
	],
	[
		1,
		2,
		8.787878787878788e-2
	],
	[
		1,
		3,
		-7.575757575757576e-2
	],
	[
		1,
		4,
		5.95959595959596e-2
	],
	[
		1,
		5,
		-3.939393939393939e-2
	],
	[
		1,
		6,
		1.5151515151515152e-2
	],
	[
		1,
		7,
		1.3131313131313131e-2
	],
	[
		1,
		8,
		-4.5454545454545456e-2
	],
	[
		1,
		9,
		8.181818181818182e-2
	],
	[
		2,
		0,
		-0.1
	],
	[
		2,
		1,
		8.787878787878788e-2
	],
	[
		2,
		2,
		-6.515151515151515e-2
	],
	[
		2,
		3,
		3.484848484848485e-2
	],
	[
		2,
		4,
		-1.5151515151515152e-3
	],
	[
		2,
		5,
		-2.878787878787879e-2
	],
	[
		2,
		6,
		4.8484848484848485e-2
	],
	[
		2,
		7,
		-4.8484848484848485e-2
	],
	[
		2,
		8,
		1.818181818181818e-2
	],
	[
		2,
		9,
		5.454545454545454e-2
	],
	[
		3,
		0,
		0.1
	],
	[
		3,
		1,
		-7.575757575757576e-2
	],
	[
		3,
		2,
		3.484848484848485e-2
	],
	[
		3,
		3,
		9.24075924075924e-3
	],
	[
		3,
		4,
		-4.044289044289044e-2
	],
	[
		3,
		5,
		4.5104895104895106e-2
	],
	[
		3,
		6,
		-1.8648018648018648e-2
	],
	[
		3,
		7,
		-2.6107226107226107e-2
	],
	[
		3,
		8,
		4.895104895104895e-2
	],
	[
		3,
		9,
		2.937062937062937e-2
	],
	[
		4,
		0,
		-0.1
	],
	[
		4,
		1,
		5.95959595959596e-2
	],
	[
		4,
		2,
		-1.5151515151515152e-3
	],
	[
		4,
		3,
		-4.044289044289044e-2
	],
	[
		4,
		4,
		4.083139083139083e-2
	],
	[
		4,
		5,
		-1.9813519813519816e-3
	],
	[
		4,
		6,
		-3.822843822843823e-2
	],
	[
		4,
		7,
		2.5796425796425798e-2
	],
	[
		4,
		8,
		4.3356643356643354e-2
	],
	[
		4,
		9,
		1.2587412587412588e-2
	],
	[
		5,
		0,
		0.1
	],
	[
		5,
		1,
		-3.939393939393939e-2
	],
	[
		5,
		2,
		-2.878787878787879e-2
	],
	[
		5,
		3,
		4.5104895104895106e-2
	],
	[
		5,
		4,
		-1.9813519813519816e-3
	],
	[
		5,
		5,
		-3.951048951048951e-2
	],
	[
		5,
		6,
		1.2121212121212121e-2
	],
	[
		5,
		7,
		4.382284382284382e-2
	],
	[
		5,
		8,
		2.3776223776223775e-2
	],
	[
		5,
		9,
		4.195804195804196e-3
	],
	[
		6,
		0,
		-0.1
	],
	[
		6,
		1,
		1.5151515151515152e-2
	],
	[
		6,
		2,
		4.8484848484848485e-2
	],
	[
		6,
		3,
		-1.8648018648018648e-2
	],
	[
		6,
		4,
		-3.822843822843823e-2
	],
	[
		6,
		5,
		1.2121212121212121e-2
	],
	[
		6,
		6,
		4.2540792540792544e-2
	],
	[
		6,
		7,
		2.878787878787879e-2
	],
	[
		6,
		8,
		8.741258741258742e-3
	],
	[
		6,
		9,
		1.048951048951049e-3
	],
	[
		7,
		0,
		0.1
	],
	[
		7,
		1,
		1.3131313131313131e-2
	],
	[
		7,
		2,
		-4.8484848484848485e-2
	],
	[
		7,
		3,
		-2.6107226107226107e-2
	],
	[
		7,
		4,
		2.5796425796425798e-2
	],
	[
		7,
		5,
		4.382284382284382e-2
	],
	[
		7,
		6,
		2.878787878787879e-2
	],
	[
		7,
		7,
		1.0519219342748755e-2
	],
	[
		7,
		8,
		2.118469765528589e-3
	],
	[
		7,
		9,
		1.8510900863842042e-4
	],
	[
		8,
		0,
		-0.1
	],
	[
		8,
		1,
		-4.5454545454545456e-2
	],
	[
		8,
		2,
		1.818181818181818e-2
	],
	[
		8,
		3,
		4.895104895104895e-2
	],
	[
		8,
		4,
		4.3356643356643354e-2
	],
	[
		8,
		5,
		2.3776223776223775e-2
	],
	[
		8,
		6,
		8.741258741258742e-3
	],
	[
		8,
		7,
		2.118469765528589e-3
	],
	[
		8,
		8,
		3.0851501439736734e-4
	],
	[
		8,
		9,
		2.0567667626491154e-5
	],
	[
		9,
		0,
		0.1
	],
	[
		9,
		1,
		8.181818181818182e-2
	],
	[
		9,
		2,
		5.454545454545454e-2
	],
	[
		9,
		3,
		2.937062937062937e-2
	],
	[
		9,
		4,
		1.2587412587412588e-2
	],
	[
		9,
		5,
		4.195804195804196e-3
	],
	[
		9,
		6,
		1.048951048951049e-3
	],
	[
		9,
		7,
		1.8510900863842042e-4
	],
	[
		9,
		8,
		2.0567667626491154e-5
	],
	[
		9,
		9,
		1.0825088224469029e-6
	]
]