N = 8/9/10 : Random +- 500 min

Optimized Parameters: [1723.65435183 1484.43922013 1939.94436331 2359.84963404 2046.99391355
 2529.25546039 2269.58926499 2653.77449109  824.35746033]
Minimum Loss Reached: 158.67892002375416
Uncertainties: [85.90774054 19.97224208 80.63788382 29.95406728 79.66320914 28.82863043
 86.44689574 18.89180507 80.77868144]
Correlation Matrix:
[[ 1.      ,   -0.01733283 , 0.84128248 ,-0.03896553,  0.85459475 ,-0.00276696,
   0.78339899 , 0.32405762 , 0.46872337],
 [-0.01733283 , 1.         , 0.29023381 ,-0.77554024,-0.10761238 , 0.38381916,
  -0.4227926 ,  0.54064621 , 0.47727253],
 [ 0.84128248 , 0.29023381 , 1.       ,  -0.37203395 , 0.85960208  ,0.31580913,
   0.56776982 , 0.32345016 , 0.84306264],
 [-0.03896553, -0.77554024, -0.37203395  ,1.      ,   0.13601223, -0.51429013,
   0.5211914  ,-0.54634258 ,-0.47271347],
 [ 0.85459475 ,-0.10761238 , 0.85960208 , 0.13601223 , 1.        ,  0.09434184,
   0.88939999 , 0.0240531  , 0.63815491],
 [-0.00276696 , 0.38381916 , 0.31580913, -0.51429013 , 0.09434184 , 1.,
  -0.19529803 , 0.40460864 , 0.27578937],
 [ 0.78339899 ,-0.4227926 ,  0.56776982 , 0.5211914 ,  0.88939999 ,-0.19529803,
   1.       ,  -0.18177195 , 0.25421868],
 [ 0.32405762 , 0.54064621 , 0.32345016 ,-0.54634258 , 0.0240531 ,  0.40460864,
  -0.18177195 , 1.         , 0.19272185],
 [ 0.46872337 , 0.47727253 , 0.84306264, -0.47271347 , 0.63815491 , 0.27578937,
   0.25421868 , 0.19272185 , 1.        ]]

N = 8/9/10 : Random +- 50 min

Optimized Parameters: [1712.44213091 1483.73600456 1929.20359512 2358.8454706  2032.18441709
 2528.8333518  2257.26257716 2653.24281583  815.17791115]
Minimum Loss Reached: 158.67976510134415
Uncertainties: [29.7118868  18.61146407 37.54911708 28.58062591 21.24709    26.82916465
 62.69097041 10.628568   21.66599371]
Correlation Matrix:
[[ 1.         -0.03745637 -0.46917014 -0.25250571  0.52890059  0.40703393
  -0.6280325   0.2522995   0.73180102]
 [-0.03745637  1.          0.06606511  0.4459262  -0.06488277  0.08508024
   0.17221972  0.79897608 -0.28754271]
 [-0.46917014  0.06606511  1.          0.39433222 -0.67422374 -0.05783911
   0.87492672 -0.11656623 -0.70745226]
 [-0.25250571  0.4459262   0.39433222  1.          0.02685545  0.52329524
   0.2432116   0.45625283 -0.27699621]
 [ 0.52890059 -0.06488277 -0.67422374  0.02685545  1.          0.40254878
  -0.87730593  0.35560011  0.75280417]
 [ 0.40703393  0.08508024 -0.05783911  0.52329524  0.40254878  1.
  -0.19272544  0.15542882  0.13904546]
 [-0.6280325   0.17221972  0.87492672  0.2432116  -0.87730593 -0.19272544
   1.         -0.26415087 -0.8661712 ]
 [ 0.2522995   0.79897608 -0.11656623  0.45625283  0.35560011  0.15542882
  -0.26415087  1.          0.11921253]
 [ 0.73180102 -0.28754271 -0.70745226 -0.27699621  0.75280417  0.13904546
  -0.8661712   0.11921253  1.        ]]

N = 9/10 : Random +- 500 min 1


Optimized Parameters: [1190.65175528 1477.08783257 1666.31836713 2240.54265465 1985.93614173
 2450.58651355 1965.4859466  2553.55053449  841.00824208]
Minimum Loss Reached: 95.66919390180188
Uncertainties: [19.95018572  6.30083095 11.3257502   5.75137236  9.21905768  7.77920369
 14.40802976  9.15261925 11.03888204]
Correlation Matrix:
[[ 1.         -0.55521708 -0.10208321 -0.60649442 -0.56824062 -0.16020919
   0.04610126 -0.23252254  0.44410316]
 [-0.55521708  1.          0.21208078  0.71497355  0.02940464  0.19095844
   0.01660142  0.20219245 -0.21450129]
 [-0.10208321  0.21208078  1.          0.14319921 -0.63826816 -0.56477724
   0.64996406 -0.17573529 -0.23520183]
 [-0.60649442  0.71497355  0.14319921  1.          0.14190272  0.21298405
   0.0041475   0.00683138 -0.00554973]
 [-0.56824062  0.02940464 -0.63826816  0.14190272  1.          0.37061498
  -0.60101244  0.38641594 -0.25444937]
 [-0.16020919  0.19095844 -0.56477724  0.21298405  0.37061498  1.
  -0.07114343 -0.08750772  0.40395971]
 [ 0.04610126  0.01660142  0.64996406  0.0041475  -0.60101244 -0.07114343
   1.         -0.67265797  0.43152049]
 [-0.23252254  0.20219245 -0.17573529  0.00683138  0.38641594 -0.08750772
  -0.67265797  1.         -0.80698776]
 [ 0.44410316 -0.21450129 -0.23520183 -0.00554973 -0.25444937  0.40395971
   0.43152049 -0.80698776  1.        ]]


N = 9/10 : Random +- 500 min 2

Optimized Parameters: [1213.07367537 1478.54131516 1688.91509329 2237.06068411 1999.93276561
 2449.90634813 1986.29547242 2553.74457221  858.71122657]
Minimum Loss Reached: 95.7414301228236
Uncertainties: [44.13664463 17.34812815 40.28523768 27.95324007 55.82763301 22.0156028
 62.72760577  9.27269622 39.89876105]
Correlation Matrix:
[[ 1.          0.0031244   0.58708113  0.22672338  0.57864232  0.01692386
   0.61236598  0.31390199  0.42663278]
 [ 0.0031244   1.         -0.03850878  0.26325726  0.2542633  -0.07652914
   0.18229057  0.17218726  0.30525612]
 [ 0.58708113 -0.03850878  1.         -0.00610244  0.74583933  0.07468434
   0.75162411  0.02016023  0.62236189]
 [ 0.22672338  0.26325726 -0.00610244  1.          0.33533795 -0.30709511
   0.23465184  0.86959224 -0.05761687]
 [ 0.57864232  0.2542633   0.74583933  0.33533795  1.         -0.03296058
   0.78666323  0.17892839  0.51198436]
 [ 0.01692386 -0.07652914  0.07468434 -0.30709511 -0.03296058  1.
  -0.48403489 -0.0489674   0.08174839]
 [ 0.61236598  0.18229057  0.75162411  0.23465184  0.78666323 -0.48403489
   1.          0.06807489  0.50712707]
 [ 0.31390199  0.17218726  0.02016023  0.86959224  0.17892839 -0.0489674
   0.06807489  1.         -0.2372979 ]
 [ 0.42663278  0.30525612  0.62236189 -0.05761687  0.51198436  0.08174839
   0.50712707 -0.2372979   1.        ]]

N = 9/10 : Random +- 50 min 

Optimized Parameters: [1192.54354775 1477.23135593 1666.58185783 2240.09706233 1983.22880607
 2450.9915553  1962.25121768 2554.54793833  837.59838542]
Minimum Loss Reached: 95.66517595146594
Uncertainties: [19.00636093  9.38208328 13.13741343 23.9737073  18.81753909 19.26664897
  7.79893524  5.85651912 17.67257354]
Correlation Matrix:
[[ 1.         -0.11361361  0.78403704 -0.80457994  0.93099958 -0.84490487
  -0.12554724  0.15080889  0.43595414]
 [-0.11361361  1.          0.3574854  -0.09694047 -0.22191259  0.02036476
  -0.23444709  0.27488737  0.34428066]
 [ 0.78403704  0.3574854   1.         -0.9041683   0.61576636 -0.8253194
  -0.37771936  0.5323732   0.75543692]
 [-0.80457994 -0.09694047 -0.9041683   1.         -0.65235208  0.90966118
   0.23252633 -0.4048279  -0.76854735]
 [ 0.93099958 -0.22191259  0.61576636 -0.65235208  1.         -0.81010515
  -0.14219165 -0.02547448  0.1851362 ]
 [-0.84490487  0.02036476 -0.8253194   0.90966118 -0.81010515  1.
   0.29920155 -0.22524706 -0.52012168]
 [-0.12554724 -0.23444709 -0.37771936  0.23252633 -0.14219165  0.29920155
   1.         -0.29863997 -0.07728806]
 [ 0.15080889  0.27488737  0.5323732  -0.4048279  -0.02547448 -0.22524706
  -0.29863997  1.          0.71220617]
 [ 0.43595414  0.34428066  0.75543692 -0.76854735  0.1851362  -0.52012168
  -0.07728806  0.71220617  1.        ]]

N = 9/10 : Random +- 5 min 

Optimized Parameters: [1191.63403959 1477.53868554 1664.71202225 2240.53654715 1982.22090031
 2451.44816653 1962.43954108 2554.21663013  837.70943132]
Minimum Loss Reached: 95.66385091963251
Uncertainties: [19.56506105 17.16860929 21.01523514 26.69700578 11.74081724 29.04639881
 34.46364088  3.53920417 13.31191617]
Correlation Matrix:
[[ 1.         -0.9914835   0.99452949 -0.99379109  0.98981845 -0.99311378
   0.99731434  0.85249126 -0.99270429]
 [-0.9914835   1.         -0.99436846  0.98308753 -0.99015399  0.9847966
  -0.99566588 -0.82831168  0.99504542]
 [ 0.99452949 -0.99436846  1.         -0.99013667  0.98931762 -0.98641222
   0.99683853  0.84347716 -0.99460775]
 [-0.99379109  0.98308753 -0.99013667  1.         -0.99151552  0.98075616
  -0.99116883 -0.8958957   0.9858793 ]
 [ 0.98981845 -0.99015399  0.98931762 -0.99151552  1.         -0.97939985
   0.99202932  0.86921503 -0.99255538]
 [-0.99311378  0.9847966  -0.98641222  0.98075616 -0.97939985  1.
  -0.99376959 -0.81651879  0.98639851]
 [ 0.99731434 -0.99566588  0.99683853 -0.99116883  0.99202932 -0.99376959
   1.          0.83893971 -0.99579915]
 [ 0.85249126 -0.82831168  0.84347716 -0.8958957   0.86921503 -0.81651879
   0.83893971  1.         -0.84137269]
 [-0.99270429  0.99504542 -0.99460775  0.9858793  -0.99255538  0.98639851
  -0.99579915 -0.84137269  1.        ]]